{
 "cells": [
  {
   "cell_type": "code",
   "execution_count": 23,
   "id": "8a0a535e",
   "metadata": {},
   "outputs": [
    {
     "name": "stdout",
     "output_type": "stream",
     "text": [
      "Matrix 0:\n",
      "u matrix:\n",
      "[[-0.92387953 -0.38268343]\n",
      " [-0.38268343  0.92387953]] \n",
      "\n",
      "v matrix:\n",
      "[[-0.92387953 -0.38268343]\n",
      " [ 0.38268343 -0.92387953]] \n",
      "\n",
      "singular values:\n",
      "[2.41421356 0.41421356]\n",
      "Time taken: 0.0009992122650146484 seconds\n",
      "Matrix 1:\n",
      "u matrix:\n",
      "[[-0.88765034 -0.23319198  0.39711255]\n",
      " [-0.42713229  0.73923874 -0.52065737]\n",
      " [-0.17214786 -0.63178128 -0.75578934]] \n",
      "\n",
      "v matrix:\n",
      "[[-0.88765034 -0.42713229 -0.17214786]\n",
      " [ 0.23319198 -0.73923874  0.63178128]\n",
      " [ 0.39711255 -0.52065737 -0.75578934]] \n",
      "\n",
      "singular values:\n",
      "[2.4811943  1.17008649 0.68889218]\n",
      "Time taken: 0.0 seconds\n",
      "Matrix 2:\n",
      "u matrix:\n",
      "[[-0.63245553 -0.5        -0.52229321 -0.27786652]\n",
      " [ 0.31622777 -0.5        -0.30196857  0.74753928]\n",
      " [-0.31622777 -0.5         0.79704714  0.12130893]\n",
      " [-0.63245553  0.5        -0.02721464  0.59098169]] \n",
      "\n",
      "v matrix:\n",
      "[[-1. -0.]\n",
      " [-0. -1.]] \n",
      "\n",
      "singular values:\n",
      "[3.16227766 2.        ]\n",
      "Time taken: 0.0 seconds\n",
      "Matrix 3:\n",
      "u matrix:\n",
      "[[-4.36435780e-01 -4.08248290e-01  7.07106781e-01 -3.77964473e-01]\n",
      " [ 4.36435780e-01  4.08248290e-01  7.07106781e-01  3.77964473e-01]\n",
      " [-4.36435780e-01  8.16496581e-01 -1.66533454e-16 -3.77964473e-01]\n",
      " [-6.54653671e-01 -1.38777878e-17 -8.32667268e-17  7.55928946e-01]] \n",
      "\n",
      "v matrix:\n",
      "[[-0.57735027 -0.57735027  0.57735027]\n",
      " [-0.81649658  0.40824829 -0.40824829]\n",
      " [ 0.          0.70710678  0.70710678]] \n",
      "\n",
      "singular values:\n",
      "[2.64575131 1.         1.        ]\n",
      "Time taken: 0.0 seconds\n",
      "Matrix 4:\n",
      "u matrix:\n",
      "[[-4.36435780e-01 -4.08248290e-01  7.07106781e-01 -3.77964473e-01]\n",
      " [ 4.36435780e-01  4.08248290e-01  7.07106781e-01  3.77964473e-01]\n",
      " [-4.36435780e-01  8.16496581e-01 -1.66533454e-16 -3.77964473e-01]\n",
      " [-6.54653671e-01 -1.38777878e-17 -8.32667268e-17  7.55928946e-01]] \n",
      "\n",
      "v matrix:\n",
      "[[-0.57735027 -0.57735027  0.57735027]\n",
      " [-0.81649658  0.40824829 -0.40824829]\n",
      " [ 0.          0.70710678  0.70710678]] \n",
      "\n",
      "singular values:\n",
      "[2.64575131 1.         1.        ]\n",
      "Time taken: 0.0 seconds\n",
      "Matrix 5:\n",
      "u matrix:\n",
      "[[-5.47722558e-01 -2.77555756e-16 -7.07106781e-01 -1.32058463e-01\n",
      "  -4.27271064e-01]\n",
      " [-3.65148372e-01 -4.08248290e-01  1.52655666e-16 -5.43516408e-01\n",
      "   6.36073827e-01]\n",
      " [-5.47722558e-01  1.38777878e-16  7.07106781e-01 -1.32058463e-01\n",
      "  -4.27271064e-01]\n",
      " [-3.65148372e-01 -4.08248290e-01  1.66533454e-16  8.07633333e-01\n",
      "   2.18468301e-01]\n",
      " [-3.65148372e-01  8.16496581e-01 -2.22044605e-16  1.32058463e-01\n",
      "   4.27271064e-01]] \n",
      "\n",
      "v matrix:\n",
      "[[-4.08248290e-01 -8.16496581e-01 -4.08248290e-01]\n",
      " [ 5.77350269e-01 -5.77350269e-01  5.77350269e-01]\n",
      " [ 7.07106781e-01  3.88578059e-16 -7.07106781e-01]] \n",
      "\n",
      "singular values:\n",
      "[2.23606798 1.41421356 1.        ]\n",
      "Time taken: 0.0 seconds\n",
      "[[1.70710678 0.70710678]\n",
      " [0.70710678 0.29289322]]\n",
      "\n",
      " The product doesn't match with the original matrix.\n",
      "[[ 1.52146775  0.93067278  0.15828788]\n",
      " [ 0.93067278 -0.18158993  0.61409702]\n",
      " [ 0.15828788  0.61409702 -0.33987782]]\n",
      "\n",
      " The product doesn't match with the original matrix.\n",
      "[[ 1.8973666  1.       ]\n",
      " [-0.9486833  1.       ]\n",
      " [ 0.9486833  1.       ]\n",
      " [ 1.8973666 -1.       ]]\n",
      "\n",
      " The svd is correct.\n",
      "[[ 0.83728596  0.33728596 -0.33728596]\n",
      " [-0.83728596 -0.33728596  0.33728596]\n",
      " [-0.16271404  0.83728596 -0.83728596]\n",
      " [ 0.75592895  0.75592895 -0.75592895]]\n",
      "\n",
      " The product doesn't match with the original matrix.\n",
      "[[ 0.83728596  0.33728596 -0.33728596]\n",
      " [-0.83728596 -0.33728596  0.33728596]\n",
      " [-0.16271404  0.83728596 -0.83728596]\n",
      " [ 0.75592895  0.75592895 -0.75592895]]\n",
      "\n",
      " The product doesn't match with the original matrix.\n",
      "[[-0.0527864   0.89442719  0.9472136 ]\n",
      " [ 0.06244014  0.83198705  0.06244014]\n",
      " [ 0.9472136   0.89442719 -0.0527864 ]\n",
      " [ 0.06244014  0.83198705  0.06244014]\n",
      " [ 0.76954692  0.12488027  0.76954692]]\n",
      "\n",
      " The product doesn't match with the original matrix.\n"
     ]
    }
   ],
   "source": [
    "import numpy as np\n",
    "import time\n",
    "\n",
    "# Define the matrices\n",
    "matrices = [\n",
    "    np.array([[2, 1],\n",
    "              [1, 0]]),\n",
    "    np.array([[2, 1, 0],\n",
    "              [1, 0, 1],\n",
    "              [0, 1, 0]]),\n",
    "    np.array([[2, 1],\n",
    "              [-1, 1],\n",
    "              [1, 1],\n",
    "              [2, -1]]),\n",
    "    np.array([[1, 1, 0],\n",
    "              [-1, 0, 1],\n",
    "              [0, 1, -1],\n",
    "              [1, 1, -1]]),\n",
    "    np.array([[1, 1, 0],\n",
    "              [-1, 0, 1],\n",
    "              [0, 1, -1],\n",
    "              [1, 1, -1]]),\n",
    "    np.array([[0, 1, 1],\n",
    "              [0, 1, 0],\n",
    "              [1, 1, 0],\n",
    "              [0, 1, 0],\n",
    "              [1, 0, 1]])\n",
    "]\n",
    "\n",
    "# Compute SVD for each matrix and measure time taken\n",
    "for i, matrix in enumerate(matrices):\n",
    "    print(f\"Matrix {i}:\")\n",
    "    start_time = time.time()\n",
    "    u, s, vh = np.linalg.svd(matrix)\n",
    "    end_time = time.time()\n",
    "    print(\"u matrix:\")\n",
    "    print(u,\"\\n\")\n",
    "    print(\"v matrix:\")\n",
    "    print(vh,\"\\n\")\n",
    "    print(\"singular values:\")\n",
    "    print(s)\n",
    "    print(\"Time taken:\", end_time - start_time, \"seconds\")\n",
    "    \n",
    "#Checking correctness\n",
    "def dig(A,x):\n",
    "    y = np.zeros_like(A)\n",
    "    for i in range(len(x)):\n",
    "        y[i][i] = x[i]\n",
    "    return(y)\n",
    "for i, matrix in enumerate(matrices):\n",
    "    u, s, vh = np.linalg.svd(matrix)\n",
    "    print( np.dot(u,np.dot(dig(matrices[i],s),vh)))\n",
    "    if np.allclose(matrices[i], np.dot(u,np.dot(dig(matrices[i],s),vh)),0.5):\n",
    "        print(\"\\n The svd is correct.\")\n",
    "    else:\n",
    "        print(\"\\n The product doesn't match with the original matrix.\")\n",
    "    "
   ]
  },
  {
   "cell_type": "code",
   "execution_count": null,
   "id": "40b94be4",
   "metadata": {
    "scrolled": true
   },
   "outputs": [],
   "source": []
  },
  {
   "cell_type": "code",
   "execution_count": null,
   "id": "25094847",
   "metadata": {},
   "outputs": [],
   "source": []
  },
  {
   "cell_type": "code",
   "execution_count": null,
   "id": "25ad19cc",
   "metadata": {},
   "outputs": [],
   "source": []
  }
 ],
 "metadata": {
  "kernelspec": {
   "display_name": "Python 3 (ipykernel)",
   "language": "python",
   "name": "python3"
  },
  "language_info": {
   "codemirror_mode": {
    "name": "ipython",
    "version": 3
   },
   "file_extension": ".py",
   "mimetype": "text/x-python",
   "name": "python",
   "nbconvert_exporter": "python",
   "pygments_lexer": "ipython3",
   "version": "3.11.5"
  }
 },
 "nbformat": 4,
 "nbformat_minor": 5
}
